./bin/micro-benchmarks 0 8 0 50 25000
=DATA=
kernel_id,global_load_requests,global_hit_rate,l2_tex_hit_rate,inst_issued,stall_memory_dependency,stall_memory_throttle,dram_read_bytes,dram_write_bytes,ipc,execution_time,ec
0,6900000,85.25,5.75,27576209,60.53,0.0,29344576,768,3.263784,473736,0
1,8647823,85.23,7.26,35052974,70.15,0.0,30626080,607680,2.331391,814616,1
2,9341254,85.5,8.3,38188478,70.73,0.0,30625984,768,2.218662,901154,2
3,9761828,85.67,8.97,40145548,70.18,0.0,30903008,3072,2.216827,952920,3
4,10078244,85.65,10.46,41647678,70.4,0.0,30933920,3072,2.185413,989308,4
5,10340803,85.76,10.89,42908816,70.15,0.0,30852480,623744,2.176189,1017939,5
6,10570652,85.8,11.71,44013509,69.83,0.0,30617056,683840,2.175505,1044339,6
7,10781948,85.9,12.07,45028613,69.31,0.0,30614720,3072,2.188989,1066400,7
8,10980636,86.07,11.93,45978507,68.92,0.0,30614720,3072,2.189937,1088720,8
9,11168783,85.9,11.54,46872059,69.75,0.0,31939232,768,2.155425,1126980,9
10,11351219,86.05,11.48,47734315,69.3,0.0,31548704,3072,2.160841,1146320,10
11,11529413,86.2,11.32,48569196,68.98,0.0,33479328,3072,2.156458,1165140,11
12,11702664,86.15,12.4,49372942,68.78,0.0,31426048,768,2.161822,1184640,12
13,11871834,86.31,12.15,50150429,68.4,0.0,31426016,768,2.162636,1202260,13
14,12039487,86.33,12.73,50915932,68.24,0.0,32020704,768,2.160787,1220680,14
15,12204127,86.54,12.08,51657242,67.87,0.0,32138400,768,2.160551,1239240,15
16,12367125,86.63,12.23,52386650,67.67,0.0,32158944,626400,2.154578,1256860,16
17,12529258,86.24,11.51,53103300,69.36,0.0,33026784,627072,2.108979,1302200,17
18,12689404,86.26,12.13,53807795,69.12,0.0,34052896,768,2.11162,1318560,18
19,12847816,86.43,11.69,54496264,68.95,0.0,35012800,626880,2.103471,1334860,19
20,13005353,86.55,11.58,55177355,68.56,0.0,33573920,768,2.115475,1352280,20
21,13161727,86.63,11.73,55849725,68.41,0.0,34949568,3072,2.111651,1366740,21
22,13317167,86.69,11.95,56513452,68.13,0.0,33991680,3072,2.113941,1416020,22
23,13471679,86.81,11.76,57165189,67.95,0.0,33558240,768,2.117113,1400440,23
24,13625937,86.84,12.2,57812689,68.01,0.0,36339872,626336,2.1009,1413300,24
25,13779176,86.72,11.57,58450788,68.56,0.0,35770176,687552,2.081475,1444640,25
26,13931573,86.79,11.65,59080947,68.16,0.0,33825632,768,2.09644,1462920,26
27,14083373,86.81,12.16,59703309,68.11,0.0,35696288,768,2.090247,1475220,27
28,14234822,86.91,12.08,60321714,67.97,0.0,35932608,768,2.089329,1490280,28
29,14385398,87.01,11.99,60934242,67.78,0.0,33816128,686400,2.089906,1506120,29
30,14535487,87.09,12.0,61539183,67.54,0.0,34379200,768,2.094167,1519120,30
31,14685625,87.31,11.11,62140488,67.18,0.0,34205504,3072,2.096787,1533640,31
32,14835009,87.09,13.2,62737216,67.38,0.0,33825472,768,2.092822,1548660,32
33,14983532,86.58,13.48,63325280,68.67,0.0,35425472,768,2.057751,1592480,33
34,15131854,86.82,12.48,63909067,68.4,0.0,35425984,768,2.058454,1605920,34
35,15279938,86.93,12.29,64488148,68.26,0.0,35905216,768,2.058531,1620400,35
36,15427427,86.84,13.49,65065362,68.23,0.0,36467904,768,2.056198,1635080,36
37,15574592,87.22,11.46,65635744,67.86,0.0,35826240,768,2.059512,1648660,37
38,15721260,87.18,12.3,66203284,67.94,0.0,35989696,670176,2.054221,1663460,38
39,15867564,87.19,12.71,66760538,67.76,0.0,36006656,3072,2.059004,1676700,39
40,16013537,87.42,11.61,67319459,67.5,0.0,35572672,768,2.06104,1691840,40
41,16159450,87.26,11.34,67876511,68.22,0.0,39665056,768,2.033909,1719780,41
42,16304829,87.4,10.81,68427958,68.01,0.0,36225792,620832,2.036354,1732380,42
43,16450210,87.49,10.64,68978357,67.88,0.0,39527072,768,2.035098,1746000,43
44,16594826,87.57,10.57,69518730,67.68,0.0,37706304,768,2.039308,1761140,44
45,16739428,87.46,11.92,70058622,67.66,0.0,36225984,768,2.041651,1773680,45
46,16883584,87.64,11.1,70596385,67.57,0.0,38480640,619424,2.033132,1787720,46
47,17027319,87.74,10.82,71130095,67.34,0.0,36225472,768,2.041636,1801100,47
48,17170933,87.93,9.98,71662342,67.18,0.0,37323008,621728,2.036992,1814520,48
49,17314460,87.46,10.43,72192524,68.56,0.0,38651200,686784,2.005453,1855100,49
50,17457553,87.66,9.51,72718609,68.36,0.0,41267808,622432,2.001663,1867760,50
