./bin/micro-benchmarks 0 0 32 25000
=DATA=
kernel_id,global_load_requests,global_hit_rate,l2_tex_hit_rate,inst_issued,stall_memory_dependency,stall_memory_throttle,dram_read_bytes,dram_write_bytes,ipc,execution_time,vbw
0,3200000,96.88,0.0,29051126,1.82,0.01,3321216,1824,3.898702,396348,0
1,3200000,96.88,0.0,29051443,1.86,0.01,3220512,686976,3.896287,395924,1
2,3200000,93.75,0.0,29051351,3.34,0.01,6400160,736,3.896688,396034,2
3,3400000,91.18,0.0,29051319,3.93,0.01,9841440,736,3.896169,396390,3
4,3200000,87.5,0.0,29051388,5.16,0.01,13226656,736,3.898504,396500,4
5,3600000,86.11,0.0,29051179,5.19,0.01,16188160,1760,3.897434,396692,5
6,3600000,83.33,0.0,29050877,5.55,0.01,19653248,1760,3.896042,396930,6
7,3800000,81.58,0.0,29051246,6.06,0.01,22838944,687744,3.900015,396968,7
8,3200000,75.0,0.0,29051189,6.97,0.01,25600160,736,3.89113,397550,8
9,4000000,77.5,0.0,29051016,6.71,0.01,28880032,736,3.896723,398262,9
10,4000000,75.0,0.0,29050711,7.31,0.01,32241280,1760,3.896956,398406,10
11,4200000,73.81,0.01,29051568,7.73,0.01,35460128,628832,3.891214,398582,11
12,4000000,70.0,0.01,29051379,8.2,0.01,38932640,688384,3.891403,399426,12
13,4400000,70.45,0.02,29051358,8.47,0.01,41737376,736,3.895802,401550,13
14,4400000,68.18,0.02,29051240,9.1,0.01,45124768,626912,3.886752,400954,14
15,4600000,67.38,0.02,29050709,9.29,0.01,48211584,1760,3.888451,402976,15
16,3200000,50.0,0.0,29051280,10.0,0.01,51605792,736,3.88724,404806,16
17,4800000,64.57,0.03,29051351,10.39,0.01,54461600,736,3.887837,407458,17
18,4800000,62.49,0.03,29051412,11.35,0.01,58054176,615520,3.866081,411226,18
19,5000000,61.99,0.02,29051344,11.56,0.01,60800160,736,3.873182,416628,19
20,4800000,58.32,0.02,29051205,12.4,0.01,64150048,736,3.867384,432002,20
21,5200000,59.6,0.03,29051676,13.76,0.01,67642272,613728,3.824446,443064,21
22,5200000,57.68,0.03,29051219,14.44,0.01,70497696,736,3.829846,457798,22
23,5400000,57.39,0.04,29051152,15.67,0.01,73734528,1760,3.819269,476070,23
24,4800000,50.0,0.0,29051028,17.29,0.01,77184160,689024,3.720106,493884,24
25,5600000,55.34,0.03,29051070,22.69,0.01,80384384,1760,3.30936,518069,25
26,5600000,53.56,0.03,29051661,23.64,0.0,83201184,586208,3.175394,533302,26
27,5800000,53.44,0.03,29051042,23.41,0.0,86958336,1760,3.07586,553098,27
28,5600000,49.99,0.02,29051408,23.81,0.0,89742112,736,2.922112,569318,28
29,6000000,51.65,0.03,29051346,24.69,0.0,92800320,736,2.81464,588638,29
30,6000000,49.99,0.03,29051532,25.35,0.0,96525600,579680,2.676457,613110,30
31,6200000,49.98,0.04,29051812,26.03,0.0,99321504,556640,2.605698,629750,31
32,3200000,0.0,0.0,29051511,27.03,0.0,102564384,736,2.544332,650578,32
