./bin/micro-benchmarks 1 0 32 25000
=DATA=
kernel_id,global_load_requests,global_hit_rate,l2_tex_hit_rate,inst_issued,stall_memory_dependency,stall_memory_throttle,dram_read_bytes,dram_write_bytes,ipc,execution_time,vbw
0,3200000,99.22,0.05,8408071,8.84,0.0,802464,307200,3.686366,120688,0
1,3200000,96.88,0.0,8407716,11.07,0.0,3213856,736,3.624337,122906,1
2,3200000,93.68,1.16,8407433,39.9,0.0,6503296,1760,3.510487,127086,2
3,3400000,91.04,1.54,8770040,50.23,0.0,9600288,688384,3.323776,135394,3
4,3200000,87.49,0.05,8408058,54.26,0.0,12855648,613792,3.160677,135536,4
5,3600000,86.09,0.12,9132938,59.43,0.0,16014368,736,3.124265,156228,5
6,3600000,83.12,1.29,9132971,63.97,0.0,19200320,736,2.931838,163420,6
7,3800000,81.26,1.69,9495268,67.96,0.0,22658464,688896,2.672901,179778,7
8,3200000,75.0,0.0,8407862,69.3,0.0,25700000,736,2.461177,180000,8
9,4000000,77.17,1.45,9857543,70.82,0.0,28835872,736,2.437243,210568,9
10,4000000,74.97,0.14,9857668,72.72,0.0,32168992,736,2.288117,224054,10
11,4200000,73.7,0.43,10220043,73.86,0.0,35333024,736,2.181106,242512,11
12,4000000,69.93,0.22,9857384,75.23,0.0,38573440,1760,2.008479,253314,12
13,4400000,70.26,0.65,10583082,75.96,0.0,41834784,688768,1.94342,276564,13
14,4400000,68.01,0.53,10582794,76.24,0.0,44987168,736,1.885529,293044,14
15,4600000,67.39,0.01,10945134,76.96,0.0,48029344,736,1.828802,312922,15
16,3200000,50.0,0.0,8407777,79.22,0.0,51406880,736,1.374551,317518,16
17,4800000,64.56,0.07,11307743,78.68,0.0,54635424,688896,1.652846,348616,17
18,4800000,62.47,0.08,11307796,78.7,0.0,57600160,736,1.599948,366456,18
19,5000000,61.92,0.21,11670235,79.14,0.0,60826784,736,1.561575,387354,19
20,4800000,58.01,0.77,11307725,79.84,0.0,64306720,736,1.44801,404876,20
21,5200000,59.59,0.06,12032813,79.72,0.0,67200320,736,1.471797,425330,21
22,5200000,57.65,0.11,12032817,80.24,0.0,70570528,687968,1.394233,443686,22
23,5400000,57.38,0.07,12395090,80.15,0.0,73630624,736,1.387441,467012,23
24,4800000,50.0,0.0,11307165,81.33,0.0,77111680,1760,1.219538,481024,24
25,5600000,55.34,0.05,12757741,80.69,0.0,80288160,736,1.309922,503572,25
26,5600000,53.52,0.11,12757751,80.83,0.0,83200160,736,1.274157,520773,26
27,5800000,53.4,0.11,13120259,80.96,0.0,86400160,736,1.258704,541192,27
28,5600000,50.0,0.0,12757326,81.3,0.0,90017024,1760,1.178731,560562,28
29,6000000,51.65,0.04,13482894,81.15,0.0,92800160,736,1.204754,581204,29
30,6000000,50.0,0.0,13482731,81.38,0.0,96299808,736,1.168074,601346,30
31,6200000,49.99,0.03,13845287,81.52,0.0,99350944,736,1.165047,616748,31
32,3200000,0.0,0.0,8408292,83.22,0.0,102645088,406688,0.694402,624452,32
