./bin/micro-benchmarks 1 8 0 50 25000
=DATA=
kernel_id,global_load_requests,global_hit_rate,l2_tex_hit_rate,inst_issued,stall_memory_dependency,stall_memory_throttle,dram_read_bytes,dram_write_bytes,ipc,execution_time,ec
0,10200000,85.71,6.95,38976194,58.54,0.0,31680704,768,3.455868,612496,0
1,10225000,85.37,7.1,38976108,59.91,0.0,32485984,768,3.423243,616700,1
2,10249840,85.21,8.44,38975944,59.89,0.0,32225568,347200,3.418699,610624,2
3,10274488,85.16,9.06,38975956,59.81,0.0,32312800,2560,3.430145,609972,3
4,10298964,85.19,9.16,38976517,59.6,0.0,32487200,2560,3.429378,609792,4
5,10323309,85.14,9.68,38976154,59.66,0.0,32438816,768,3.428319,609736,5
6,10347455,85.15,9.9,38976134,60.05,0.0,32507008,683104,3.406512,611532,6
7,10371440,85.17,10.01,38975921,59.69,0.0,32437248,2560,3.428262,607232,7
8,10395267,85.24,9.83,38976484,59.61,0.0,32523360,2560,3.429617,606868,8
9,10418885,84.92,9.87,38976067,60.91,0.0,33480544,768,3.392609,610176,9
10,10442329,84.77,11.01,38976145,60.9,0.0,33299744,768,3.397111,610440,10
11,10465671,84.77,11.27,38976081,60.7,0.0,32999648,768,3.404537,610020,11
12,10488817,84.66,12.18,38976347,61.11,0.0,32976224,628992,3.375047,604844,12
13,10511845,84.72,12.14,38976133,61.06,0.0,33264096,681024,3.378524,604250,13
14,10534795,84.78,12.01,38976127,60.8,0.0,33067872,768,3.403846,604462,14
15,10557488,84.84,11.93,38975921,60.59,0.0,33048960,2560,3.408863,604936,15
16,10580032,85.29,14.41,38976339,61.35,0.0,33776416,627328,3.371027,606414,16
17,10602362,85.19,14.72,38976097,61.88,0.0,34778144,768,3.370142,610714,17
18,10624702,85.11,15.69,38976680,61.64,0.0,35078752,2560,3.372537,609356,18
19,10646747,85.06,16.27,38976277,61.62,0.0,34827424,768,3.376585,608312,19
20,10668649,85.09,16.29,38976516,61.75,0.0,34664256,628224,3.363567,609274,20
21,10690361,85.03,16.84,38976141,61.42,0.0,34642496,768,3.379309,608116,21
22,10711901,85.04,16.99,38976104,61.5,0.0,34599264,768,3.381371,607800,22
23,10733342,85.0,17.38,38976766,61.78,0.0,34580736,573856,3.362427,607460,23
24,10754698,85.07,17.24,38976132,61.38,0.0,34764608,768,3.383733,607328,24
25,10775895,84.87,16.65,38976201,62.34,0.0,35376544,768,3.358381,612698,25
26,10796948,84.7,17.82,38976034,62.31,0.0,35754688,2560,3.358095,612698,26
27,10817789,84.7,18.06,38975901,62.3,0.0,35369248,2560,3.363236,611372,27
28,10838406,84.69,18.29,38976633,62.58,0.0,38500576,2560,3.328988,611604,28
29,10859024,84.69,18.53,38976086,62.08,0.0,35632352,768,3.363914,610892,29
30,10879518,84.74,18.45,38976130,61.99,0.0,35578080,768,3.369168,612310,30
31,10899824,84.71,18.84,38975902,62.07,0.0,35555296,2560,3.367037,610776,31
32,10919952,85.0,20.2,38976668,63.1,0.0,36437792,683328,3.322132,614566,32
33,10939935,84.85,21.27,38976203,63.38,0.0,37221664,768,3.323014,617336,33
34,10959729,84.69,22.84,38976122,63.05,0.0,37015232,768,3.335707,616334,34
35,10979382,84.57,23.75,38976124,62.89,0.0,37067872,768,3.342358,616416,35
36,10999048,84.62,23.71,38976355,63.01,0.0,37125184,623872,3.326669,616230,36
37,11018464,84.33,25.31,38976097,62.74,0.0,37008928,768,3.348414,613978,37
38,11037803,84.4,25.07,38976093,62.72,0.0,37288992,768,3.344329,614684,38
39,11056879,84.28,25.9,38976099,62.98,0.0,37059424,682688,3.329419,613902,39
40,11075881,84.3,25.97,38976148,62.71,0.0,37093312,768,3.350607,613690,40
41,11094841,84.03,25.81,38976321,63.88,0.0,37781664,624640,3.296923,619506,41
42,11113621,83.83,26.86,38976642,63.56,0.0,38037792,2560,3.321274,618860,42
43,11132326,83.61,28.11,38976517,63.47,0.0,37827008,2560,3.322474,617292,43
44,11150856,83.65,28.1,38976100,63.41,0.0,37939968,768,3.328761,616806,44
45,11169240,83.66,28.26,38976157,63.28,0.0,37972160,768,3.333869,616526,45
46,11187411,83.7,28.08,38976143,63.19,0.0,37904672,768,3.336464,616626,46
47,11205542,83.69,28.29,38975898,63.03,0.0,37772832,2560,3.34071,616140,47
48,11223583,83.71,29.89,38976146,64.01,0.0,38715968,768,3.30827,621260,48
49,11241453,83.83,29.6,38976141,64.89,0.0,39548512,683456,3.266129,625376,49
50,11259229,83.78,30.67,38976121,64.13,0.0,39447776,768,3.304728,623092,50
