./bin/micro-benchmarks 3 8 0 50 25000
=DATA=
kernel_id,global_load_requests,global_hit_rate,l2_tex_hit_rate,inst_issued,stall_memory_dependency,stall_memory_throttle,dram_read_bytes,dram_write_bytes,ipc,execution_time,ec
0,1325000,6.65,1.39,17726361,17.26,0.0,28272480,667968,2.989863,315118,0
1,1350000,6.61,1.19,17900885,16.95,0.0,29035616,768,3.040009,317530,1
2,1370299,6.68,1.27,18080599,17.47,0.0,30655232,768,3.022476,319380,2
3,1387290,6.66,1.59,18264736,17.02,0.0,29164480,768,3.050728,319560,3
4,1402255,7.3,1.38,18454240,17.42,0.0,29083264,684160,3.005383,323670,4
5,1416120,7.18,2.07,18646791,17.31,0.0,28977056,768,3.061895,326294,5
6,1429267,7.36,2.57,18843713,17.52,0.0,28995648,768,3.067443,327814,6
7,1442187,7.99,2.7,19043272,18.05,0.0,29058272,300480,3.052805,330356,7
8,1455192,8.55,2.78,19246007,17.75,0.0,29601536,768,3.073294,332092,8
9,1468699,8.63,3.59,19452676,19.2,0.0,29983872,682816,3.035956,335618,9
10,1482729,9.64,3.65,19662783,19.31,0.0,29954656,301248,3.041741,338196,10
11,1497164,10.06,4.35,19872531,19.1,0.0,29804480,768,3.072511,340892,11
12,1512628,10.73,4.85,20087444,19.37,0.0,29857184,768,3.075173,343464,12
13,1528393,11.64,5.13,20301555,19.31,0.0,30071104,768,3.089298,347976,13
14,1545408,12.27,5.8,20519653,19.59,0.0,30032352,768,3.0925,349232,14
15,1562912,13.29,6.06,20736178,19.55,0.0,30149376,768,3.105964,350812,15
16,1581659,13.77,6.68,20958018,19.87,0.0,30416448,768,3.109678,352958,16
17,1601054,14.15,6.43,21177492,20.5,0.0,31386240,768,3.107648,359448,17
18,1621331,14.66,7.89,21398631,20.43,0.0,31604192,768,3.120384,359456,18
19,1642214,15.4,8.7,21619673,20.43,0.0,31386560,768,3.136314,362998,19
20,1663840,15.94,9.67,21839284,20.93,0.0,31378368,2560,3.138289,364422,20
21,1686000,17.09,9.93,22059268,20.75,0.0,31428960,768,3.154343,367486,21
22,1708906,17.94,10.54,22278966,21.03,0.0,31610880,768,3.156385,371660,22
23,1732818,18.77,11.19,22498925,21.9,0.0,31680576,300672,3.139803,376222,23
24,1757151,19.65,11.49,22717571,21.38,0.0,31909184,2560,3.171749,376746,24
25,1782277,19.83,12.21,22936023,23.59,0.0,32425184,685248,3.09364,384452,25
26,1807943,20.92,12.77,23151859,22.15,0.0,32310400,768,3.172545,384742,26
27,1833870,21.55,13.65,23362932,22.53,0.0,32420608,768,3.177309,386840,27
28,1860217,22.19,14.45,23571749,22.97,0.0,32215840,768,3.175628,389822,28
29,1887121,23.04,15.02,23780225,23.17,0.0,32266272,2560,3.185653,390450,29
30,1914634,23.8,15.63,23988103,24.09,0.0,32231424,682944,3.13719,392864,30
31,1942631,24.8,15.95,24191609,24.07,0.0,32504896,683072,3.176623,396496,31
32,1970988,25.55,16.27,24394144,23.75,0.0,32461056,682048,3.188445,397130,32
33,1999471,24.51,16.78,24593009,25.15,0.0,34048384,768,3.163974,405728,33
34,2028443,24.74,18.58,24789526,24.04,0.0,33902720,768,3.211864,403524,34
35,2057877,24.9,20.04,24982569,24.42,0.0,34069728,298688,3.20802,405254,35
36,2087631,25.17,21.17,25172552,23.9,0.0,33809248,768,3.24617,405496,36
37,2117848,25.95,21.73,25360372,24.19,0.0,33933408,680768,3.234484,406556,37
38,2148304,26.24,22.77,25545877,24.25,0.0,33977248,301312,3.249582,408354,38
39,2179335,26.91,23.37,25730320,23.69,0.0,33798848,2560,3.285,410286,39
40,2210219,27.0,24.37,25910342,24.61,0.0,34020896,299648,3.262353,413516,40
41,2241136,27.33,24.36,26085139,26.02,0.0,34737856,682944,3.222616,420496,41
42,2272266,27.37,25.75,26258127,25.43,0.0,34909024,768,3.261275,419246,42
43,2303988,27.64,26.82,26430184,25.42,0.0,34597248,299584,3.267828,421282,43
44,2335892,28.49,27.13,26596264,24.36,0.0,34788320,768,3.309139,421336,44
45,2367886,28.85,27.96,26759472,24.64,0.0,34886848,768,3.312164,421826,45
46,2399898,29.38,28.54,26919967,25.03,0.0,34688256,300928,3.305477,423668,46
47,2432244,29.74,29.28,27077113,24.98,0.0,34717856,768,3.322958,426484,47
48,2464592,30.28,29.57,27232634,24.92,0.0,35017952,768,3.331072,428188,48
49,2497032,29.85,28.98,27385211,27.89,0.0,36415264,768,3.23817,450724,49
50,2529426,29.75,30.68,27532970,26.88,0.0,36440928,302528,3.277311,447338,50
