./bin/micro-benchmarks 2 8 0 50 25000
=DATA=
kernel_id,global_load_requests,global_hit_rate,l2_tex_hit_rate,inst_issued,stall_memory_dependency,stall_memory_throttle,dram_read_bytes,dram_write_bytes,ipc,execution_time,ec
0,7000000,84.39,4.48,26876597,40.67,0.01,32021728,681440,3.860927,379852,0
1,7025000,83.99,4.86,27050889,44.76,0.01,34398240,768,3.804249,382930,1
2,7045329,83.99,4.86,27229430,48.83,0.0,32175456,768,3.70366,384670,2
3,7062430,83.97,5.03,27410377,48.99,0.0,34399264,768,3.691216,386308,3
4,7077317,84.05,4.58,27593603,48.28,0.0,32220256,768,3.722044,388064,4
5,7091092,84.06,4.68,27780086,48.39,0.0,32329856,684480,3.708158,390640,5
6,7103996,84.07,4.66,27968665,47.91,0.0,32327392,768,3.723812,392498,6
7,7116892,84.06,4.87,28160279,47.85,0.0,32446464,768,3.730864,396048,7
8,7129865,83.72,5.49,28354379,48.81,0.0,35014208,768,3.69908,398082,8
9,7143174,83.53,6.26,28549346,47.84,0.0,33309952,768,3.729017,400742,9
10,7157245,83.58,6.14,28746965,47.93,0.0,32975776,768,3.732505,403564,10
11,7171993,83.57,6.38,28945386,48.51,0.0,32969440,686272,3.709795,405976,11
12,7187246,83.58,6.5,29144202,48.59,0.0,33032928,636352,3.703905,408908,12
13,7203243,83.51,7.15,29344263,48.0,0.0,33070880,768,3.733718,411842,13
14,7220183,83.49,7.46,29545001,48.59,0.0,32969248,683968,3.720873,414624,14
15,7238006,83.52,7.53,29747286,48.32,0.0,33322816,768,3.730501,417496,15
16,7256945,83.29,7.92,29951039,48.36,0.0,33929024,768,3.726417,419806,16
17,7276359,82.88,7.71,30152991,48.7,0.0,34609824,768,3.728481,424498,17
18,7296556,82.82,8.42,30355408,49.52,0.0,35236800,635488,3.696853,426162,18
19,7317493,82.72,9.22,30557874,48.72,0.0,34897696,768,3.733198,428608,19
20,7339055,82.75,9.36,30759316,49.21,0.0,35149792,768,3.725817,431148,20
21,7361498,82.64,10.25,30960650,49.07,0.0,34622112,2560,3.741368,434330,21
22,7384839,82.66,10.42,31162551,49.12,0.0,34576000,768,3.733549,437088,22
23,7408888,82.7,10.51,31361890,49.36,0.0,34904608,768,3.733651,440046,23
24,7433173,82.52,10.98,31558949,49.97,0.0,35269920,682080,3.715688,442676,24
25,7457888,82.4,10.87,31753630,50.56,0.0,35780608,639808,3.701027,445608,25
26,7483127,82.36,11.42,31946001,49.97,0.0,35573792,768,3.730978,447952,26
27,7508938,82.35,11.86,32137166,50.14,0.0,35661216,2560,3.737416,450722,27
28,7535419,82.35,12.12,32328428,50.46,0.0,35517760,768,3.736173,452616,28
29,7562456,82.36,12.44,32516458,50.47,0.0,35376128,768,3.736984,455204,29
30,7590242,82.37,12.7,32703616,50.75,0.0,35763040,768,3.729784,458384,30
31,7618208,82.38,12.96,32887037,50.9,0.0,35525728,768,3.736655,460972,31
32,7646330,82.15,13.82,33067182,51.12,0.0,35814592,768,3.732872,463562,32
33,7675193,81.43,14.74,33245231,52.33,0.0,37149120,768,3.705711,469624,33
34,7704271,81.28,15.92,33420069,51.9,0.0,37160160,768,3.720344,469988,34
35,7733795,81.15,16.93,33594058,51.8,0.0,36969824,2560,3.729945,471934,35
36,7763623,80.95,18.15,33764932,52.55,0.0,37120800,626880,3.70156,474802,36
37,7793769,81.1,17.89,33934368,52.15,0.0,37330368,2560,3.728485,476636,37
38,7824071,81.06,18.35,34099288,52.38,0.0,36977824,768,3.724411,480032,38
39,7854614,80.96,19.16,34260722,53.22,0.0,37158944,685376,3.701214,482392,39
40,7885421,80.94,19.14,34421958,52.91,0.0,37320800,768,3.725929,485382,40
41,7916347,80.64,19.65,34578003,53.45,0.0,37777472,768,3.708078,488216,41
42,7947787,80.61,20.16,34733590,53.47,0.0,38395648,768,3.711576,490042,42
43,7979245,80.51,20.98,34884788,53.51,0.0,38168896,2560,3.715092,492142,43
44,8010890,80.55,21.11,35032476,53.6,0.0,38110464,768,3.712832,493546,44
45,8042632,80.46,21.82,35180983,54.14,0.0,37779200,624192,3.694538,496108,45
46,8074364,80.55,21.76,35322131,54.78,0.0,40029152,628768,3.662556,499112,46
47,8106592,80.46,22.51,35461138,54.19,0.0,38108800,768,3.71002,500668,47
48,8138754,80.41,22.74,35598920,54.15,0.0,37947488,768,3.712694,502462,48
49,8170938,79.94,22.23,35733752,55.66,0.0,39534208,768,3.676261,509132,49
50,8203318,79.74,23.51,35864726,55.4,0.0,39712608,768,3.686631,509416,50
